[0.28047899930416126, 0.14511592274844823, 0.2945331479292396, 0.28854704907435913, 0.2788386403839981, 0.273769739943562, 0.3064387281778238]
[0.2945331479292396, 0.28854704907435913, 0.2788386403839981, 0.273769739943562, 0.3064387281778238, 0.30992004081797664, 0.3042700263996432]
[0.28854704907435913, 0.2788386403839981, 0.273769739943562, 0.3064387281778238, 0.30992004081797664, 0.3042700263996432, 0.26645068572512026]
[0.27679107131037206, 0.22951725828966804, 0.25893197804689666, 0.28383725522513836, 0.2819885116116346, 0.2693442917397857, 0.25869722432265163]
[0.22951725828966804, 0.25893197804689666, 0.28383725522513836, 0.2819885116116346, 0.2693442917397857, 0.25869722432265163, 0.28158707796644533]
[0.25893197804689666, 0.28383725522513836, 0.2819885116116346, 0.2693442917397857, 0.25869722432265163, 0.28158707796644533, 0.3060813223207862]
[0.28383725522513836, 0.2819885116116346, 0.2693442917397857, 0.25869722432265163, 0.28158707796644533, 0.3060813223207862, 0.2533521716909728]
[0.2819885116116346, 0.2693442917397857, 0.25869722432265163, 0.28158707796644533, 0.3060813223207862, 0.2533521716909728, 0.2343318564256839]
[0.2693442917397857, 0.25869722432265163, 0.28158707796644533, 0.3060813223207862, 0.2533521716909728, 0.2343318564256839, 0.23727863060095722]
[0.25869722432265163, 0.28158707796644533, 0.3060813223207862, 0.2533521716909728, 0.2343318564256839, 0.23727863060095722, 0.2500860958493798]
[0.28158707796644533, 0.3060813223207862, 0.2533521716909728, 0.2343318564256839, 0.23727863060095722, 0.2500860958493798, 0.25383316147598556]
[0.3060813223207862, 0.2533521716909728, 0.2343318564256839, 0.23727863060095722, 0.2500860958493798, 0.25383316147598556, 0.24788238077121522]
[0.2533521716909728, 0.2343318564256839, 0.23727863060095722, 0.2500860958493798, 0.25383316147598556, 0.24788238077121522, 0.23620965492231477]
[0.2343318564256839, 0.23727863060095722, 0.2500860958493798, 0.25383316147598556, 0.24788238077121522, 0.23620965492231477, 0.20556794546567708]
[0.23727863060095722, 0.2500860958493798, 0.25383316147598556, 0.24788238077121522, 0.23620965492231477, 0.20556794546567708, 0.24107962938551664]
[0.3315425918453457, 0.29559684646172396, 0.2909808944534884, 0.2627232123281146, 0.2717659722097032, 0.27977317622159326, 0.27309591395206256]
[0.29559684646172396, 0.2909808944534884, 0.2627232123281146, 0.2717659722097032, 0.27977317622159326, 0.27309591395206256, 0.28799634054266804]
[0.2909808944534884, 0.2627232123281146, 0.2717659722097032, 0.27977317622159326, 0.27309591395206256, 0.28799634054266804, 0.33475386119357214]
[0.2627232123281146, 0.2717659722097032, 0.27977317622159326, 0.27309591395206256, 0.28799634054266804, 0.33475386119357214, 0.2680178463935554]
[0.2717659722097032, 0.27977317622159326, 0.27309591395206256, 0.28799634054266804, 0.33475386119357214, 0.2680178463935554, 0.3228001237631474]
[0.27977317622159326, 0.27309591395206256, 0.28799634054266804, 0.33475386119357214, 0.2680178463935554, 0.3228001237631474, 0.2610456837889207]
[0.27309591395206256, 0.28799634054266804, 0.33475386119357214, 0.2680178463935554, 0.3228001237631474, 0.2610456837889207, 0.28296484581882037]
[0.28799634054266804, 0.33475386119357214, 0.2680178463935554, 0.3228001237631474, 0.2610456837889207, 0.28296484581882037, 0.2712537530526541]
[0.33475386119357214, 0.2680178463935554, 0.3228001237631474, 0.2610456837889207, 0.28296484581882037, 0.2712537530526541, 0.3203853052441155]
[0.2680178463935554, 0.3228001237631474, 0.2610456837889207, 0.28296484581882037, 0.2712537530526541, 0.3203853052441155, 0.25956677849077914]
[0.3228001237631474, 0.2610456837889207, 0.28296484581882037, 0.2712537530526541, 0.3203853052441155, 0.25956677849077914, 0.2785470940385853]
[0.2610456837889207, 0.28296484581882037, 0.2712537530526541, 0.3203853052441155, 0.25956677849077914, 0.2785470940385853, 0.276892880927772]
[0.28296484581882037, 0.2712537530526541, 0.3203853052441155, 0.25956677849077914, 0.2785470940385853, 0.276892880927772, 0.29691301482302646]
[0.28766529685363973, 0.31994232275584195, 0.31461723696184674, 0.3037224393502317, 0.2979119814771506, 0.30510354193193834, 0.28693296168575616]
[0.31994232275584195, 0.31461723696184674, 0.3037224393502317, 0.2979119814771506, 0.30510354193193834, 0.28693296168575616, 0.3082224554164254]
[0.31461723696184674, 0.3037224393502317, 0.2979119814771506, 0.30510354193193834, 0.28693296168575616, 0.3082224554164254, 0.2911622531640503]
[0.3037224393502317, 0.2979119814771506, 0.30510354193193834, 0.28693296168575616, 0.3082224554164254, 0.2911622531640503, 0.277264123657174]
[0.2979119814771506, 0.30510354193193834, 0.28693296168575616, 0.3082224554164254, 0.2911622531640503, 0.277264123657174, 0.2778831278901265]
[0.30510354193193834, 0.28693296168575616, 0.3082224554164254, 0.2911622531640503, 0.277264123657174, 0.2778831278901265, 0.27222161177949333]
[0.28693296168575616, 0.3082224554164254, 0.2911622531640503, 0.277264123657174, 0.2778831278901265, 0.27222161177949333, 0.25016862486549635]
[0.3082224554164254, 0.2911622531640503, 0.277264123657174, 0.2778831278901265, 0.27222161177949333, 0.25016862486549635, 0.23418600529120187]
[0.2911622531640503, 0.277264123657174, 0.2778831278901265, 0.27222161177949333, 0.25016862486549635, 0.23418600529120187, 0.22531098906381658]
[0.277264123657174, 0.2778831278901265, 0.27222161177949333, 0.25016862486549635, 0.23418600529120187, 0.22531098906381658, 0.2334839514471096]
[0.2778831278901265, 0.27222161177949333, 0.25016862486549635, 0.23418600529120187, 0.22531098906381658, 0.2334839514471096, 0.2367516622194341]
[0.27222161177949333, 0.25016862486549635, 0.23418600529120187, 0.22531098906381658, 0.2334839514471096, 0.2367516622194341, 0.2398585120766109]
[0.25016862486549635, 0.23418600529120187, 0.22531098906381658, 0.2334839514471096, 0.2367516622194341, 0.2398585120766109, 0.25342032718309493]
[0.23418600529120187, 0.22531098906381658, 0.2334839514471096, 0.2367516622194341, 0.2398585120766109, 0.25342032718309493, 0.27576891680227616]
[0.22531098906381658, 0.2334839514471096, 0.2367516622194341, 0.2398585120766109, 0.25342032718309493, 0.27576891680227616, 0.26028859456684794]
[0.2334839514471096, 0.2367516622194341, 0.2398585120766109, 0.25342032718309493, 0.27576891680227616, 0.26028859456684794, 0.2742191635818911]
[0.2367516622194341, 0.2398585120766109, 0.25342032718309493, 0.27576891680227616, 0.26028859456684794, 0.2742191635818911, 0.24681546134230703]
[0.2398585120766109, 0.25342032718309493, 0.27576891680227616, 0.26028859456684794, 0.2742191635818911, 0.24681546134230703, 0.26140488886990726]
[0.25342032718309493, 0.27576891680227616, 0.26028859456684794, 0.2742191635818911, 0.24681546134230703, 0.26140488886990726, 0.2896596601670497]
[0.27576891680227616, 0.26028859456684794, 0.2742191635818911, 0.24681546134230703, 0.26140488886990726, 0.2896596601670497, 0.2707697899477085]
[0.26028859456684794, 0.2742191635818911, 0.24681546134230703, 0.26140488886990726, 0.2896596601670497, 0.2707697899477085, 0.26901771526083074]
[0.2742191635818911, 0.24681546134230703, 0.26140488886990726, 0.2896596601670497, 0.2707697899477085, 0.26901771526083074, 0.28752042356576024]
[0.24681546134230703, 0.26140488886990726, 0.2896596601670497, 0.2707697899477085, 0.26901771526083074, 0.28752042356576024, 0.2806257732079065]
[0.26140488886990726, 0.2896596601670497, 0.2707697899477085, 0.26901771526083074, 0.28752042356576024, 0.2806257732079065, 0.29285692829300636]
[0.3108843053963941, 0.29551374427244614, 0.30668486182097926, 0.30210337183519176, 0.2971429183607794, 0.3006691051611121, 0.28779100634608823]
[0.29551374427244614, 0.30668486182097926, 0.30210337183519176, 0.2971429183607794, 0.3006691051611121, 0.28779100634608823, 0.26944223271519807]
[0.30668486182097926, 0.30210337183519176, 0.2971429183607794, 0.3006691051611121, 0.28779100634608823, 0.26944223271519807, 0.27994150055044736]
[0.30210337183519176, 0.2971429183607794, 0.3006691051611121, 0.28779100634608823, 0.26944223271519807, 0.27994150055044736, 0.28338377898964867]
[0.2971429183607794, 0.3006691051611121, 0.28779100634608823, 0.26944223271519807, 0.27994150055044736, 0.28338377898964867, 0.2886864850366316]
[0.3006691051611121, 0.28779100634608823, 0.26944223271519807, 0.27994150055044736, 0.28338377898964867, 0.2886864850366316, 0.29074635728445686]
[0.28779100634608823, 0.26944223271519807, 0.27994150055044736, 0.28338377898964867, 0.2886864850366316, 0.29074635728445686, 0.30457792369305675]
[0.26944223271519807, 0.27994150055044736, 0.28338377898964867, 0.2886864850366316, 0.29074635728445686, 0.30457792369305675, 0.32140066293153924]
[0.27994150055044736, 0.28338377898964867, 0.2886864850366316, 0.29074635728445686, 0.30457792369305675, 0.32140066293153924, 0.2882684906798644]
[0.28338377898964867, 0.2886864850366316, 0.29074635728445686, 0.30457792369305675, 0.32140066293153924, 0.2882684906798644, 0.2878875602022411]
[0.2886864850366316, 0.29074635728445686, 0.30457792369305675, 0.32140066293153924, 0.2882684906798644, 0.2878875602022411, 0.29063621806956397]
[0.29074635728445686, 0.30457792369305675, 0.32140066293153924, 0.2882684906798644, 0.2878875602022411, 0.29063621806956397, 0.2885734140664012]
[0.30457792369305675, 0.32140066293153924, 0.2882684906798644, 0.2878875602022411, 0.29063621806956397, 0.2885734140664012, 0.2880765474666351]
[0.32140066293153924, 0.2882684906798644, 0.2878875602022411, 0.29063621806956397, 0.2885734140664012, 0.2880765474666351, 0.2887588181859774]
[0.2882684906798644, 0.2878875602022411, 0.29063621806956397, 0.2885734140664012, 0.2880765474666351, 0.2887588181859774, 0.21250586343417888]
[0.3551489359612854, 0.30496249333916203, 0.24328044161722454, 0.3432093900079673, 0.2927729680617489, 0.2838937228819346, 0.27576268537424226]
[0.30496249333916203, 0.24328044161722454, 0.3432093900079673, 0.2927729680617489, 0.2838937228819346, 0.27576268537424226, 0.29529372467906867]
[0.24328044161722454, 0.3432093900079673, 0.2927729680617489, 0.2838937228819346, 0.27576268537424226, 0.29529372467906867, 0.3077461500595402]
[0.2771300965952836, 0.28697933685232646, 0.3016624153486707, 0.29429833878015854, 0.2699019570592572, 0.27729727651525626, 0.29291520475969735]
[0.3765199611141983, 0.38748112400869317, 0.36858837522852544, 0.3543911849082919, 0.36024077223424045, 0.3504609921917756, 0.36832098368057054]
[0.38748112400869317, 0.36858837522852544, 0.3543911849082919, 0.36024077223424045, 0.3504609921917756, 0.36832098368057054, 0.341904620262779]
[0.36858837522852544, 0.3543911849082919, 0.36024077223424045, 0.3504609921917756, 0.36832098368057054, 0.341904620262779, 0.3481611632106675]
[0.3543911849082919, 0.36024077223424045, 0.3504609921917756, 0.36832098368057054, 0.341904620262779, 0.3481611632106675, 0.363812596079228]
[0.36024077223424045, 0.3504609921917756, 0.36832098368057054, 0.341904620262779, 0.3481611632106675, 0.363812596079228, 0.3526981685109511]
[0.3504609921917756, 0.36832098368057054, 0.341904620262779, 0.3481611632106675, 0.363812596079228, 0.3526981685109511, 0.3367788289798509]
[0.36832098368057054, 0.341904620262779, 0.3481611632106675, 0.363812596079228, 0.3526981685109511, 0.3367788289798509, 0.3174795281263506]
[0.341904620262779, 0.3481611632106675, 0.363812596079228, 0.3526981685109511, 0.3367788289798509, 0.3174795281263506, 0.35667165246796045]
[0.3481611632106675, 0.363812596079228, 0.3526981685109511, 0.3367788289798509, 0.3174795281263506, 0.35667165246796045, 0.3421640921728841]
[0.363812596079228, 0.3526981685109511, 0.3367788289798509, 0.3174795281263506, 0.35667165246796045, 0.3421640921728841, 0.3237059015985544]
[0.3526981685109511, 0.3367788289798509, 0.3174795281263506, 0.35667165246796045, 0.3421640921728841, 0.3237059015985544, 0.3307571476991734]
[0.3367788289798509, 0.3174795281263506, 0.35667165246796045, 0.3421640921728841, 0.3237059015985544, 0.3307571476991734, 0.3359327978095192]
[0.3174795281263506, 0.35667165246796045, 0.3421640921728841, 0.3237059015985544, 0.3307571476991734, 0.3359327978095192, 0.3410348177310431]
[0.35667165246796045, 0.3421640921728841, 0.3237059015985544, 0.3307571476991734, 0.3359327978095192, 0.3410348177310431, 0.3516897141034683]
[0.3421640921728841, 0.3237059015985544, 0.3307571476991734, 0.3359327978095192, 0.3410348177310431, 0.3516897141034683, 0.34948951959937535]
[0.3237059015985544, 0.3307571476991734, 0.3359327978095192, 0.3410348177310431, 0.3516897141034683, 0.34948951959937535, 0.3505990999653157]
[0.3307571476991734, 0.3359327978095192, 0.3410348177310431, 0.3516897141034683, 0.34948951959937535, 0.3505990999653157, 0.3330403902496947]
[0.3359327978095192, 0.3410348177310431, 0.3516897141034683, 0.34948951959937535, 0.3505990999653157, 0.3330403902496947, 0.31715043336025484]
[0.3410348177310431, 0.3516897141034683, 0.34948951959937535, 0.3505990999653157, 0.3330403902496947, 0.31715043336025484, 0.32335803614138664]
[0.3516897141034683, 0.34948951959937535, 0.3505990999653157, 0.3330403902496947, 0.31715043336025484, 0.32335803614138664, 0.3169621482768141]
[0.34948951959937535, 0.3505990999653157, 0.3330403902496947, 0.31715043336025484, 0.32335803614138664, 0.3169621482768141, 0.3119845423232991]
[0.3505990999653157, 0.3330403902496947, 0.31715043336025484, 0.32335803614138664, 0.3169621482768141, 0.3119845423232991, 0.29741506890451413]
[0.3330403902496947, 0.31715043336025484, 0.32335803614138664, 0.3169621482768141, 0.3119845423232991, 0.29741506890451413, 0.30495388820196867]
[0.33327063954262326, 0.32651786537353544, 0.32226308434815265, 0.33842443020859525, 0.3508250008684477, 0.36111756840853526, 0.3642775377053239]
[0.32651786537353544, 0.32226308434815265, 0.33842443020859525, 0.3508250008684477, 0.36111756840853526, 0.3642775377053239, 0.3613108354521557]
[0.32226308434815265, 0.33842443020859525, 0.3508250008684477, 0.36111756840853526, 0.3642775377053239, 0.3613108354521557, 0.3661358591506265]
[0.33842443020859525, 0.3508250008684477, 0.36111756840853526, 0.3642775377053239, 0.3613108354521557, 0.3661358591506265, 0.3417265424657193]
[0.3508250008684477, 0.36111756840853526, 0.3642775377053239, 0.3613108354521557, 0.3661358591506265, 0.3417265424657193, 0.34958842694946546]
[0.36111756840853526, 0.3642775377053239, 0.3613108354521557, 0.3661358591506265, 0.3417265424657193, 0.34958842694946546, 0.3437395789600358]
[0.3642775377053239, 0.3613108354521557, 0.3661358591506265, 0.3417265424657193, 0.34958842694946546, 0.3437395789600358, 0.3463639209798556]
[0.3613108354521557, 0.3661358591506265, 0.3417265424657193, 0.34958842694946546, 0.3437395789600358, 0.3463639209798556, 0.35341418622189236]
[0.3661358591506265, 0.3417265424657193, 0.34958842694946546, 0.3437395789600358, 0.3463639209798556, 0.35341418622189236, 0.34993186851059876]
[0.3417265424657193, 0.34958842694946546, 0.3437395789600358, 0.3463639209798556, 0.35341418622189236, 0.34993186851059876, 0.35650656396986635]
[0.34958842694946546, 0.3437395789600358, 0.3463639209798556, 0.35341418622189236, 0.34993186851059876, 0.35650656396986635, 0.36259557334258474]
[0.4430973458488933, 0.4311052156687057, 0.427028926562132, 0.4292260883387302, 0.4253546545961041, 0.4004053749648665, 0.4128161125493931]
[0.4311052156687057, 0.427028926562132, 0.4292260883387302, 0.4253546545961041, 0.4004053749648665, 0.4128161125493931, 0.39584824309776645]
[0.427028926562132, 0.4292260883387302, 0.4253546545961041, 0.4004053749648665, 0.4128161125493931, 0.39584824309776645, 0.3666093309275472]
[0.4292260883387302, 0.4253546545961041, 0.4004053749648665, 0.4128161125493931, 0.39584824309776645, 0.3666093309275472, 0.3899675760823168]
[0.4253546545961041, 0.4004053749648665, 0.4128161125493931, 0.39584824309776645, 0.3666093309275472, 0.3899675760823168, 0.3975470510552551]
[0.4004053749648665, 0.4128161125493931, 0.39584824309776645, 0.3666093309275472, 0.3899675760823168, 0.3975470510552551, 0.4111393857252587]
[0.4128161125493931, 0.39584824309776645, 0.3666093309275472, 0.3899675760823168, 0.3975470510552551, 0.4111393857252587, 0.41651117338456856]
[0.39584824309776645, 0.3666093309275472, 0.3899675760823168, 0.3975470510552551, 0.4111393857252587, 0.41651117338456856, 0.4431206608756276]
[0.3666093309275472, 0.3899675760823168, 0.3975470510552551, 0.4111393857252587, 0.41651117338456856, 0.4431206608756276, 0.44758341581642735]
[0.3899675760823168, 0.3975470510552551, 0.4111393857252587, 0.41651117338456856, 0.4431206608756276, 0.44758341581642735, 0.44826375551100905]
[0.3975470510552551, 0.4111393857252587, 0.41651117338456856, 0.4431206608756276, 0.44758341581642735, 0.44826375551100905, 0.46446274482016076]
[0.4111393857252587, 0.41651117338456856, 0.4431206608756276, 0.44758341581642735, 0.44826375551100905, 0.46446274482016076, 0.4285599450088018]
[0.41651117338456856, 0.4431206608756276, 0.44758341581642735, 0.44826375551100905, 0.46446274482016076, 0.4285599450088018, 0.4547538181429047]
[0.4431206608756276, 0.44758341581642735, 0.44826375551100905, 0.46446274482016076, 0.4285599450088018, 0.4547538181429047, 0.42929963593966763]
[0.44758341581642735, 0.44826375551100905, 0.46446274482016076, 0.4285599450088018, 0.4547538181429047, 0.42929963593966763, 0.4302423559387556]
[0.44826375551100905, 0.46446274482016076, 0.4285599450088018, 0.4547538181429047, 0.42929963593966763, 0.4302423559387556, 0.4225063846517274]
[0.46446274482016076, 0.4285599450088018, 0.4547538181429047, 0.42929963593966763, 0.4302423559387556, 0.4225063846517274, 0.4017298087717812]
[0.4285599450088018, 0.4547538181429047, 0.42929963593966763, 0.4302423559387556, 0.4225063846517274, 0.4017298087717812, 0.41600449388399185]
[0.4547538181429047, 0.42929963593966763, 0.4302423559387556, 0.4225063846517274, 0.4017298087717812, 0.41600449388399185, 0.390402017417675]
[0.42929963593966763, 0.4302423559387556, 0.4225063846517274, 0.4017298087717812, 0.41600449388399185, 0.390402017417675, 0.4211759294551531]
[0.4302423559387556, 0.4225063846517274, 0.4017298087717812, 0.41600449388399185, 0.390402017417675, 0.4211759294551531, 0.4183294968375033]
[0.4225063846517274, 0.4017298087717812, 0.41600449388399185, 0.390402017417675, 0.4211759294551531, 0.4183294968375033, 0.40672019936890424]
[0.4017298087717812, 0.41600449388399185, 0.390402017417675, 0.4211759294551531, 0.4183294968375033, 0.40672019936890424, 0.43285955407124727]
[0.41600449388399185, 0.390402017417675, 0.4211759294551531, 0.4183294968375033, 0.40672019936890424, 0.43285955407124727, 0.4359954317826634]
[0.390402017417675, 0.4211759294551531, 0.4183294968375033, 0.40672019936890424, 0.43285955407124727, 0.4359954317826634, 0.4009623702002621]
[0.4211759294551531, 0.4183294968375033, 0.40672019936890424, 0.43285955407124727, 0.4359954317826634, 0.4009623702002621, 0.378098428737894]
[0.4183294968375033, 0.40672019936890424, 0.43285955407124727, 0.4359954317826634, 0.4009623702002621, 0.378098428737894, 0.3965410956108955]
[0.40672019936890424, 0.43285955407124727, 0.4359954317826634, 0.4009623702002621, 0.378098428737894, 0.3965410956108955, 0.4262620123857402]
[0.43285955407124727, 0.4359954317826634, 0.4009623702002621, 0.378098428737894, 0.3965410956108955, 0.4262620123857402, 0.4178870050561013]
[0.3905601216658038, 0.41082590563601995, 0.4189609509031845, 0.4365809434090091, 0.42149212341468145, 0.4209145941078846, 0.4181258905206091]
[0.41082590563601995, 0.4189609509031845, 0.4365809434090091, 0.42149212341468145, 0.4209145941078846, 0.4181258905206091, 0.39185430013808115]
[0.4189609509031845, 0.4365809434090091, 0.42149212341468145, 0.4209145941078846, 0.4181258905206091, 0.39185430013808115, 0.38862198310950213]
[0.4365809434090091, 0.42149212341468145, 0.4209145941078846, 0.4181258905206091, 0.39185430013808115, 0.38862198310950213, 0.39416849454187763]
[0.42149212341468145, 0.4209145941078846, 0.4181258905206091, 0.39185430013808115, 0.38862198310950213, 0.39416849454187763, 0.3775927343134131]
[0.4209145941078846, 0.4181258905206091, 0.39185430013808115, 0.38862198310950213, 0.39416849454187763, 0.3775927343134131, 0.4031688291843953]
[0.4181258905206091, 0.39185430013808115, 0.38862198310950213, 0.39416849454187763, 0.3775927343134131, 0.4031688291843953, 0.393766724720152]
[0.39185430013808115, 0.38862198310950213, 0.39416849454187763, 0.3775927343134131, 0.4031688291843953, 0.393766724720152, 0.4012939488589015]
[0.38862198310950213, 0.39416849454187763, 0.3775927343134131, 0.4031688291843953, 0.393766724720152, 0.4012939488589015, 0.3963095621474086]
[0.39416849454187763, 0.3775927343134131, 0.4031688291843953, 0.393766724720152, 0.4012939488589015, 0.3963095621474086, 0.40213860540854207]
[0.3775927343134131, 0.4031688291843953, 0.393766724720152, 0.4012939488589015, 0.3963095621474086, 0.40213860540854207, 0.4041853597275895]
[0.3424096128705576, 0.3305031117597421, 0.3365412034423005, 0.328234128118631, 0.3196196578303244, 0.3304152155337711, 0.3248702712698815]
[0.3305031117597421, 0.3365412034423005, 0.328234128118631, 0.3196196578303244, 0.3304152155337711, 0.3248702712698815, 0.32097694275907906]
[0.3365412034423005, 0.328234128118631, 0.3196196578303244, 0.3304152155337711, 0.3248702712698815, 0.32097694275907906, 0.3410664094761232]
[0.328234128118631, 0.3196196578303244, 0.3304152155337711, 0.3248702712698815, 0.32097694275907906, 0.3410664094761232, 0.37055715624023533]
[0.3196196578303244, 0.3304152155337711, 0.3248702712698815, 0.32097694275907906, 0.3410664094761232, 0.37055715624023533, 0.33379386385378784]
[0.3304152155337711, 0.3248702712698815, 0.32097694275907906, 0.3410664094761232, 0.37055715624023533, 0.33379386385378784, 0.33344788715375817]
[0.3248702712698815, 0.32097694275907906, 0.3410664094761232, 0.37055715624023533, 0.33379386385378784, 0.33344788715375817, 0.3306905516668655]
[0.32097694275907906, 0.3410664094761232, 0.37055715624023533, 0.33379386385378784, 0.33344788715375817, 0.3306905516668655, 0.3394891693485753]
[0.3410664094761232, 0.37055715624023533, 0.33379386385378784, 0.33344788715375817, 0.3306905516668655, 0.3394891693485753, 0.33490803283375914]
[0.37055715624023533, 0.33379386385378784, 0.33344788715375817, 0.3306905516668655, 0.3394891693485753, 0.33490803283375914, 0.3252487762787598]
[0.33379386385378784, 0.33344788715375817, 0.3306905516668655, 0.3394891693485753, 0.33490803283375914, 0.3252487762787598, 0.32276552942425835]
[0.33344788715375817, 0.3306905516668655, 0.3394891693485753, 0.33490803283375914, 0.3252487762787598, 0.32276552942425835, 0.32930625898859983]
[0.3306905516668655, 0.3394891693485753, 0.33490803283375914, 0.3252487762787598, 0.32276552942425835, 0.32930625898859983, 0.3191741109510192]
[0.3394891693485753, 0.33490803283375914, 0.3252487762787598, 0.32276552942425835, 0.32930625898859983, 0.3191741109510192, 0.3198030987034875]
[0.33490803283375914, 0.3252487762787598, 0.32276552942425835, 0.32930625898859983, 0.3191741109510192, 0.3198030987034875, 0.3487325509066533]
[0.3252487762787598, 0.32276552942425835, 0.32930625898859983, 0.3191741109510192, 0.3198030987034875, 0.3487325509066533, 0.343395040574042]
[0.32276552942425835, 0.32930625898859983, 0.3191741109510192, 0.3198030987034875, 0.3487325509066533, 0.343395040574042, 0.29315902586893866]
[0.32930625898859983, 0.3191741109510192, 0.3198030987034875, 0.3487325509066533, 0.343395040574042, 0.29315902586893866, 0.322272590694171]
[0.3191741109510192, 0.3198030987034875, 0.3487325509066533, 0.343395040574042, 0.29315902586893866, 0.322272590694171, 0.273266735521571]
[0.3198030987034875, 0.3487325509066533, 0.343395040574042, 0.29315902586893866, 0.322272590694171, 0.273266735521571, 0.34945969039876507]
[0.3487325509066533, 0.343395040574042, 0.29315902586893866, 0.322272590694171, 0.273266735521571, 0.34945969039876507, 0.3606501035235133]
[0.343395040574042, 0.29315902586893866, 0.322272590694171, 0.273266735521571, 0.34945969039876507, 0.3606501035235133, 0.32705055955488593]
[0.29315902586893866, 0.322272590694171, 0.273266735521571, 0.34945969039876507, 0.3606501035235133, 0.32705055955488593, 0.30094359896138323]
[0.322272590694171, 0.273266735521571, 0.34945969039876507, 0.3606501035235133, 0.32705055955488593, 0.30094359896138323, 0.3173972948307454]
[0.273266735521571, 0.34945969039876507, 0.3606501035235133, 0.32705055955488593, 0.30094359896138323, 0.3173972948307454, 0.3290651975628882]
[0.34945969039876507, 0.3606501035235133, 0.32705055955488593, 0.30094359896138323, 0.3173972948307454, 0.3290651975628882, 0.31574983614339924]
[0.3606501035235133, 0.32705055955488593, 0.30094359896138323, 0.3173972948307454, 0.3290651975628882, 0.31574983614339924, 0.34127356550326593]
[0.32705055955488593, 0.30094359896138323, 0.3173972948307454, 0.3290651975628882, 0.31574983614339924, 0.34127356550326593, 0.32167766619234583]
[0.30094359896138323, 0.3173972948307454, 0.3290651975628882, 0.31574983614339924, 0.34127356550326593, 0.32167766619234583, 0.3335796419267202]
[0.3173972948307454, 0.3290651975628882, 0.31574983614339924, 0.34127356550326593, 0.32167766619234583, 0.3335796419267202, 0.32817204428121866]
[0.3290651975628882, 0.31574983614339924, 0.34127356550326593, 0.32167766619234583, 0.3335796419267202, 0.32817204428121866, 0.343075830012294]
[0.31574983614339924, 0.34127356550326593, 0.32167766619234583, 0.3335796419267202, 0.32817204428121866, 0.343075830012294, 0.3326983293493755]
[0.34127356550326593, 0.32167766619234583, 0.3335796419267202, 0.32817204428121866, 0.343075830012294, 0.3326983293493755, 0.33487543507248047]
[0.2514961044615228, 0.3032280558647078, 0.31214867796737966, 0.3130747616979799, 0.3217064053543527, 0.3185952043255076, 0.3152352126900898]
[0.3032280558647078, 0.31214867796737966, 0.3130747616979799, 0.3217064053543527, 0.3185952043255076, 0.3152352126900898, 0.30076502421268103]
[0.31214867796737966, 0.3130747616979799, 0.3217064053543527, 0.3185952043255076, 0.3152352126900898, 0.30076502421268103, 0.31713679987981747]
[0.3130747616979799, 0.3217064053543527, 0.3185952043255076, 0.3152352126900898, 0.30076502421268103, 0.31713679987981747, 0.31183276745313043]
[0.3217064053543527, 0.3185952043255076, 0.3152352126900898, 0.30076502421268103, 0.31713679987981747, 0.31183276745313043, 0.3281473461136122]
[0.3185952043255076, 0.3152352126900898, 0.30076502421268103, 0.31713679987981747, 0.31183276745313043, 0.3281473461136122, 0.3215587547164427]
[0.3152352126900898, 0.30076502421268103, 0.31713679987981747, 0.31183276745313043, 0.3281473461136122, 0.3215587547164427, 0.31191595400241423]
[0.30076502421268103, 0.31713679987981747, 0.31183276745313043, 0.3281473461136122, 0.3215587547164427, 0.31191595400241423, 0.30665406137157664]
[0.31713679987981747, 0.31183276745313043, 0.3281473461136122, 0.3215587547164427, 0.31191595400241423, 0.30665406137157664, 0.32172991960332553]
[0.31183276745313043, 0.3281473461136122, 0.3215587547164427, 0.31191595400241423, 0.30665406137157664, 0.32172991960332553, 0.3174680742970416]
[0.3281473461136122, 0.3215587547164427, 0.31191595400241423, 0.30665406137157664, 0.32172991960332553, 0.3174680742970416, 0.31103816360600434]
[0.3215587547164427, 0.31191595400241423, 0.30665406137157664, 0.32172991960332553, 0.3174680742970416, 0.31103816360600434, 0.31988055337705223]
[0.31191595400241423, 0.30665406137157664, 0.32172991960332553, 0.3174680742970416, 0.31103816360600434, 0.31988055337705223, 0.30180156871812014]
[0.27753575613892856, 0.26754118796207516, 0.26743204867709264, 0.26146644136436503, 0.2621012140741068, 0.2545231425333224, 0.27039108103093523]
[0.26754118796207516, 0.26743204867709264, 0.26146644136436503, 0.2621012140741068, 0.2545231425333224, 0.27039108103093523, 0.2630110753834035]
[0.26743204867709264, 0.26146644136436503, 0.2621012140741068, 0.2545231425333224, 0.27039108103093523, 0.2630110753834035, 0.2749062743266123]
[0.26146644136436503, 0.2621012140741068, 0.2545231425333224, 0.27039108103093523, 0.2630110753834035, 0.2749062743266123, 0.2715785393233268]
[0.2621012140741068, 0.2545231425333224, 0.27039108103093523, 0.2630110753834035, 0.2749062743266123, 0.2715785393233268, 0.26719466839183537]
[0.2545231425333224, 0.27039108103093523, 0.2630110753834035, 0.2749062743266123, 0.2715785393233268, 0.26719466839183537, 0.281860062073516]
[0.27039108103093523, 0.2630110753834035, 0.2749062743266123, 0.2715785393233268, 0.26719466839183537, 0.281860062073516, 0.29245760712639274]
[0.2630110753834035, 0.2749062743266123, 0.2715785393233268, 0.26719466839183537, 0.281860062073516, 0.29245760712639274, 0.28281793435820024]
[0.2749062743266123, 0.2715785393233268, 0.26719466839183537, 0.281860062073516, 0.29245760712639274, 0.28281793435820024, 0.3005302045550765]
[0.2715785393233268, 0.26719466839183537, 0.281860062073516, 0.29245760712639274, 0.28281793435820024, 0.3005302045550765, 0.2829419813480475]
[0.26719466839183537, 0.281860062073516, 0.29245760712639274, 0.28281793435820024, 0.3005302045550765, 0.2829419813480475, 0.28747410018731184]
[0.281860062073516, 0.29245760712639274, 0.28281793435820024, 0.3005302045550765, 0.2829419813480475, 0.28747410018731184, 0.28735142617850495]
[0.29245760712639274, 0.28281793435820024, 0.3005302045550765, 0.2829419813480475, 0.28747410018731184, 0.28735142617850495, 0.29883210923688586]
[0.28281793435820024, 0.3005302045550765, 0.2829419813480475, 0.28747410018731184, 0.28735142617850495, 0.29883210923688586, 0.2988084928545326]
[0.22573329406895254, 0.247166483385035, 0.23971536090290216, 0.24250772903467943, 0.23367770834403884, 0.24134482950083735, 0.2575889907639402]
[0.28752725021474945, 0.28945360200104653, 0.28233174702818326, 0.2812546828788556, 0.28800123750193546, 0.28762691641128185, 0.29217555230549824]
[0.28945360200104653, 0.28233174702818326, 0.2812546828788556, 0.28800123750193546, 0.28762691641128185, 0.29217555230549824, 0.2939614114034542]
[0.28233174702818326, 0.2812546828788556, 0.28800123750193546, 0.28762691641128185, 0.29217555230549824, 0.2939614114034542, 0.30862770042332]
[0.2812546828788556, 0.28800123750193546, 0.28762691641128185, 0.29217555230549824, 0.2939614114034542, 0.30862770042332, 0.29251064734740384]
[0.28800123750193546, 0.28762691641128185, 0.29217555230549824, 0.2939614114034542, 0.30862770042332, 0.29251064734740384, 0.3029809479147453]
[0.28762691641128185, 0.29217555230549824, 0.2939614114034542, 0.30862770042332, 0.29251064734740384, 0.3029809479147453, 0.2909045253520386]
[0.29217555230549824, 0.2939614114034542, 0.30862770042332, 0.29251064734740384, 0.3029809479147453, 0.2909045253520386, 0.297325453453379]
[0.2939614114034542, 0.30862770042332, 0.29251064734740384, 0.3029809479147453, 0.2909045253520386, 0.297325453453379, 0.3030800658883413]
[0.30862770042332, 0.29251064734740384, 0.3029809479147453, 0.2909045253520386, 0.297325453453379, 0.3030800658883413, 0.29020953746582534]
[0.29251064734740384, 0.3029809479147453, 0.2909045253520386, 0.297325453453379, 0.3030800658883413, 0.29020953746582534, 0.30866334970823733]
[0.3029809479147453, 0.2909045253520386, 0.297325453453379, 0.3030800658883413, 0.29020953746582534, 0.30866334970823733, 0.3149849848984797]
[0.31013059052698433, 0.2935824594820957, 0.28338495332920277, 0.30239685365452673, 0.29622421255660436, 0.2682078574379484, 0.28987064684648667]
[0.2935824594820957, 0.28338495332920277, 0.30239685365452673, 0.29622421255660436, 0.2682078574379484, 0.28987064684648667, 0.294291195648513]
[0.28338495332920277, 0.30239685365452673, 0.29622421255660436, 0.2682078574379484, 0.28987064684648667, 0.294291195648513, 0.2956955179382882]
[0.30239685365452673, 0.29622421255660436, 0.2682078574379484, 0.28987064684648667, 0.294291195648513, 0.2956955179382882, 0.2954130375417737]
[0.29622421255660436, 0.2682078574379484, 0.28987064684648667, 0.294291195648513, 0.2956955179382882, 0.2954130375417737, 0.2682177253739937]
[0.2682078574379484, 0.28987064684648667, 0.294291195648513, 0.2956955179382882, 0.2954130375417737, 0.2682177253739937, 0.2789288594737914]
[0.28987064684648667, 0.294291195648513, 0.2956955179382882, 0.2954130375417737, 0.2682177253739937, 0.2789288594737914, 0.3078555531707877]
[0.294291195648513, 0.2956955179382882, 0.2954130375417737, 0.2682177253739937, 0.2789288594737914, 0.3078555531707877, 0.3078905899727233]
[0.2956955179382882, 0.2954130375417737, 0.2682177253739937, 0.2789288594737914, 0.3078555531707877, 0.3078905899727233, 0.3136027254460775]
[0.2954130375417737, 0.2682177253739937, 0.2789288594737914, 0.3078555531707877, 0.3078905899727233, 0.3136027254460775, 0.30769075333570584]
[0.2682177253739937, 0.2789288594737914, 0.3078555531707877, 0.3078905899727233, 0.3136027254460775, 0.30769075333570584, 0.3137764447254636]
[0.2789288594737914, 0.3078555531707877, 0.3078905899727233, 0.3136027254460775, 0.30769075333570584, 0.3137764447254636, 0.310776194710487]
[0.3078555531707877, 0.3078905899727233, 0.3136027254460775, 0.30769075333570584, 0.3137764447254636, 0.310776194710487, 0.304122550545453]
[0.3078905899727233, 0.3136027254460775, 0.30769075333570584, 0.3137764447254636, 0.310776194710487, 0.304122550545453, 0.30853487918652434]
[0.3136027254460775, 0.30769075333570584, 0.3137764447254636, 0.310776194710487, 0.304122550545453, 0.30853487918652434, 0.3234921298026521]
[0.30769075333570584, 0.3137764447254636, 0.310776194710487, 0.304122550545453, 0.30853487918652434, 0.3234921298026521, 0.3179261375645174]
[0.3137764447254636, 0.310776194710487, 0.304122550545453, 0.30853487918652434, 0.3234921298026521, 0.3179261375645174, 0.319411552686811]
[0.310776194710487, 0.304122550545453, 0.30853487918652434, 0.3234921298026521, 0.3179261375645174, 0.319411552686811, 0.29770154594409415]
[0.304122550545453, 0.30853487918652434, 0.3234921298026521, 0.3179261375645174, 0.319411552686811, 0.29770154594409415, 0.3221399080901107]
[0.30853487918652434, 0.3234921298026521, 0.3179261375645174, 0.319411552686811, 0.29770154594409415, 0.3221399080901107, 0.3089790594207287]
[0.3234921298026521, 0.3179261375645174, 0.319411552686811, 0.29770154594409415, 0.3221399080901107, 0.3089790594207287, 0.32120435962125793]
[0.3179261375645174, 0.319411552686811, 0.29770154594409415, 0.3221399080901107, 0.3089790594207287, 0.32120435962125793, 0.3255390208709298]
[0.319411552686811, 0.29770154594409415, 0.3221399080901107, 0.3089790594207287, 0.32120435962125793, 0.3255390208709298, 0.3087848432664472]
[0.29770154594409415, 0.3221399080901107, 0.3089790594207287, 0.32120435962125793, 0.3255390208709298, 0.3087848432664472, 0.31085545742133913]
[0.28785909448827685, 0.2979266185509475, 0.2929677118699521, 0.2978737615203284, 0.3054303792530154, 0.3122130713595575, 0.28067598716521047]
[0.2979266185509475, 0.2929677118699521, 0.2978737615203284, 0.3054303792530154, 0.3122130713595575, 0.28067598716521047, 0.2824658002630863]
[0.2929677118699521, 0.2978737615203284, 0.3054303792530154, 0.3122130713595575, 0.28067598716521047, 0.2824658002630863, 0.2776586476405971]
[0.2978737615203284, 0.3054303792530154, 0.3122130713595575, 0.28067598716521047, 0.2824658002630863, 0.2776586476405971, 0.2830120317416824]
[0.3054303792530154, 0.3122130713595575, 0.28067598716521047, 0.2824658002630863, 0.2776586476405971, 0.2830120317416824, 0.2782975601301695]
[0.3122130713595575, 0.28067598716521047, 0.2824658002630863, 0.2776586476405971, 0.2830120317416824, 0.2782975601301695, 0.29136180635549314]
[0.28067598716521047, 0.2824658002630863, 0.2776586476405971, 0.2830120317416824, 0.2782975601301695, 0.29136180635549314, 0.2830995537169758]
[0.2824658002630863, 0.2776586476405971, 0.2830120317416824, 0.2782975601301695, 0.29136180635549314, 0.2830995537169758, 0.29283329907727923]
[0.27071061254506057, 0.2797925405045071, 0.2675845652057602, 0.2783979763673189, 0.27052680878017576, 0.270258928747727, 0.268745813910832]
[0.2797925405045071, 0.2675845652057602, 0.2783979763673189, 0.27052680878017576, 0.270258928747727, 0.268745813910832, 0.2811769833625976]
[0.2675845652057602, 0.2783979763673189, 0.27052680878017576, 0.270258928747727, 0.268745813910832, 0.2811769833625976, 0.2627133999151071]
[0.2783979763673189, 0.27052680878017576, 0.270258928747727, 0.268745813910832, 0.2811769833625976, 0.2627133999151071, 0.261018444333197]
[0.27052680878017576, 0.270258928747727, 0.268745813910832, 0.2811769833625976, 0.2627133999151071, 0.261018444333197, 0.2418850777371384]
[0.270258928747727, 0.268745813910832, 0.2811769833625976, 0.2627133999151071, 0.261018444333197, 0.2418850777371384, 0.26243523464051655]
[0.268745813910832, 0.2811769833625976, 0.2627133999151071, 0.261018444333197, 0.2418850777371384, 0.26243523464051655, 0.24646128446420038]
[0.2811769833625976, 0.2627133999151071, 0.261018444333197, 0.2418850777371384, 0.26243523464051655, 0.24646128446420038, 0.24301642593402578]
[0.2627133999151071, 0.261018444333197, 0.2418850777371384, 0.26243523464051655, 0.24646128446420038, 0.24301642593402578, 0.25497400393811065]
[0.261018444333197, 0.2418850777371384, 0.26243523464051655, 0.24646128446420038, 0.24301642593402578, 0.25497400393811065, 0.2919513738196332]
[0.2418850777371384, 0.26243523464051655, 0.24646128446420038, 0.24301642593402578, 0.25497400393811065, 0.2919513738196332, 0.29879021083461343]
[0.26243523464051655, 0.24646128446420038, 0.24301642593402578, 0.25497400393811065, 0.2919513738196332, 0.29879021083461343, 0.2765239551397539]
[0.24646128446420038, 0.24301642593402578, 0.25497400393811065, 0.2919513738196332, 0.29879021083461343, 0.2765239551397539, 0.2472784328452907]
[0.24301642593402578, 0.25497400393811065, 0.2919513738196332, 0.29879021083461343, 0.2765239551397539, 0.2472784328452907, 0.26538268418629984]
[0.25497400393811065, 0.2919513738196332, 0.29879021083461343, 0.2765239551397539, 0.2472784328452907, 0.26538268418629984, 0.2550296186023192]
[0.2919513738196332, 0.29879021083461343, 0.2765239551397539, 0.2472784328452907, 0.26538268418629984, 0.2550296186023192, 0.25506403950258105]
[0.29879021083461343, 0.2765239551397539, 0.2472784328452907, 0.26538268418629984, 0.2550296186023192, 0.25506403950258105, 0.26854715921206657]
[0.28706501676416596, 0.27329884322654974, 0.28204662073759634, 0.2593514876289179, 0.27491885835173935, 0.24532194276861308, 0.2861176815120241]
[0.27329884322654974, 0.28204662073759634, 0.2593514876289179, 0.27491885835173935, 0.24532194276861308, 0.2861176815120241, 0.2520940946493334]
[0.28204662073759634, 0.2593514876289179, 0.27491885835173935, 0.24532194276861308, 0.2861176815120241, 0.2520940946493334, 0.26248815207186116]
[0.2593514876289179, 0.27491885835173935, 0.24532194276861308, 0.2861176815120241, 0.2520940946493334, 0.26248815207186116, 0.2487240277162833]
[0.27491885835173935, 0.24532194276861308, 0.2861176815120241, 0.2520940946493334, 0.26248815207186116, 0.2487240277162833, 0.2549409924766097]
[0.24532194276861308, 0.2861176815120241, 0.2520940946493334, 0.26248815207186116, 0.2487240277162833, 0.2549409924766097, 0.24567134681013608]
[0.2861176815120241, 0.2520940946493334, 0.26248815207186116, 0.2487240277162833, 0.2549409924766097, 0.24567134681013608, 0.2578431054026571]
[0.2520940946493334, 0.26248815207186116, 0.2487240277162833, 0.2549409924766097, 0.24567134681013608, 0.2578431054026571, 0.26537725018086966]
[0.26248815207186116, 0.2487240277162833, 0.2549409924766097, 0.24567134681013608, 0.2578431054026571, 0.26537725018086966, 0.2573146406447452]
[0.2487240277162833, 0.2549409924766097, 0.24567134681013608, 0.2578431054026571, 0.26537725018086966, 0.2573146406447452, 0.2618979543406291]
[0.2549409924766097, 0.24567134681013608, 0.2578431054026571, 0.26537725018086966, 0.2573146406447452, 0.2618979543406291, 0.263300965697742]
[0.24567134681013608, 0.2578431054026571, 0.26537725018086966, 0.2573146406447452, 0.2618979543406291, 0.263300965697742, 0.25038595068189246]
[0.2578431054026571, 0.26537725018086966, 0.2573146406447452, 0.2618979543406291, 0.263300965697742, 0.25038595068189246, 0.24257647180027803]
[0.26537725018086966, 0.2573146406447452, 0.2618979543406291, 0.263300965697742, 0.25038595068189246, 0.24257647180027803, 0.25315704174523707]
[0.2573146406447452, 0.2618979543406291, 0.263300965697742, 0.25038595068189246, 0.24257647180027803, 0.25315704174523707, 0.25017799234583815]
[0.3755993575646185, 0.3796733941809043, 0.362600732633439, 0.38557296280688685, 0.3875466603218106, 0.3838404899346487, 0.37879705474337727]
[0.3796733941809043, 0.362600732633439, 0.38557296280688685, 0.3875466603218106, 0.3838404899346487, 0.37879705474337727, 0.41765416834322144]
[0.362600732633439, 0.38557296280688685, 0.3875466603218106, 0.3838404899346487, 0.37879705474337727, 0.41765416834322144, 0.39046670348818147]
[0.38557296280688685, 0.3875466603218106, 0.3838404899346487, 0.37879705474337727, 0.41765416834322144, 0.39046670348818147, 0.3884162346556909]
[0.3875466603218106, 0.3838404899346487, 0.37879705474337727, 0.41765416834322144, 0.39046670348818147, 0.3884162346556909, 0.40662389307425284]
[0.3838404899346487, 0.37879705474337727, 0.41765416834322144, 0.39046670348818147, 0.3884162346556909, 0.40662389307425284, 0.4034078506375909]
[0.37879705474337727, 0.41765416834322144, 0.39046670348818147, 0.3884162346556909, 0.40662389307425284, 0.4034078506375909, 0.4005801489698289]
[0.41765416834322144, 0.39046670348818147, 0.3884162346556909, 0.40662389307425284, 0.4034078506375909, 0.4005801489698289, 0.402026883383626]
[0.39046670348818147, 0.3884162346556909, 0.40662389307425284, 0.4034078506375909, 0.4005801489698289, 0.402026883383626, 0.40016160163709347]
[0.3884162346556909, 0.40662389307425284, 0.4034078506375909, 0.4005801489698289, 0.402026883383626, 0.40016160163709347, 0.4064317779237815]
[0.40662389307425284, 0.4034078506375909, 0.4005801489698289, 0.402026883383626, 0.40016160163709347, 0.4064317779237815, 0.4017342615677387]
[0.4034078506375909, 0.4005801489698289, 0.402026883383626, 0.40016160163709347, 0.4064317779237815, 0.4017342615677387, 0.3907503788226567]
[0.4005801489698289, 0.402026883383626, 0.40016160163709347, 0.4064317779237815, 0.4017342615677387, 0.3907503788226567, 0.40970597296423905]
[0.402026883383626, 0.40016160163709347, 0.4064317779237815, 0.4017342615677387, 0.3907503788226567, 0.40970597296423905, 0.3874489073802092]
[0.40016160163709347, 0.4064317779237815, 0.4017342615677387, 0.3907503788226567, 0.40970597296423905, 0.3874489073802092, 0.3969683532477347]
[0.4064317779237815, 0.4017342615677387, 0.3907503788226567, 0.40970597296423905, 0.3874489073802092, 0.3969683532477347, 0.4062160543383634]
[0.4017342615677387, 0.3907503788226567, 0.40970597296423905, 0.3874489073802092, 0.3969683532477347, 0.4062160543383634, 0.4037575376977834]
[0.3907503788226567, 0.40970597296423905, 0.3874489073802092, 0.3969683532477347, 0.4062160543383634, 0.4037575376977834, 0.40702000925541587]
[0.40970597296423905, 0.3874489073802092, 0.3969683532477347, 0.4062160543383634, 0.4037575376977834, 0.40702000925541587, 0.40040430348352524]
[0.3874489073802092, 0.3969683532477347, 0.4062160543383634, 0.4037575376977834, 0.40702000925541587, 0.40040430348352524, 0.41068113151595764]
[0.3651855825660019, 0.35778869156430415, 0.3988238515771332, 0.34755673763248035, 0.38613551215656683, 0.34536261527035417, 0.37274400946983616]
[0.35778869156430415, 0.3988238515771332, 0.34755673763248035, 0.38613551215656683, 0.34536261527035417, 0.37274400946983616, 0.3832910811959957]
[0.3988238515771332, 0.34755673763248035, 0.38613551215656683, 0.34536261527035417, 0.37274400946983616, 0.3832910811959957, 0.37473000686229013]
[0.34755673763248035, 0.38613551215656683, 0.34536261527035417, 0.37274400946983616, 0.3832910811959957, 0.37473000686229013, 0.308413531230414]
[0.38613551215656683, 0.34536261527035417, 0.37274400946983616, 0.3832910811959957, 0.37473000686229013, 0.308413531230414, 0.10720525664727584]
[0.37343287447717566, 0.37950757841842064, 0.37785460954286987, 0.39083352750601785, 0.38883033619994456, 0.3856349422710498, 0.3721273397353838]
[0.37950757841842064, 0.37785460954286987, 0.39083352750601785, 0.38883033619994456, 0.3856349422710498, 0.3721273397353838, 0.37223841771528693]
[0.37785460954286987, 0.39083352750601785, 0.38883033619994456, 0.3856349422710498, 0.3721273397353838, 0.37223841771528693, 0.3827955841293705]
[0.39083352750601785, 0.38883033619994456, 0.3856349422710498, 0.3721273397353838, 0.37223841771528693, 0.3827955841293705, 0.3896807327530682]
[0.38883033619994456, 0.3856349422710498, 0.3721273397353838, 0.37223841771528693, 0.3827955841293705, 0.3896807327530682, 0.4012527658273519]
[0.3856349422710498, 0.3721273397353838, 0.37223841771528693, 0.3827955841293705, 0.3896807327530682, 0.4012527658273519, 0.41243892304728846]
[0.3721273397353838, 0.37223841771528693, 0.3827955841293705, 0.3896807327530682, 0.4012527658273519, 0.41243892304728846, 0.4099463145263558]
[0.37223841771528693, 0.3827955841293705, 0.3896807327530682, 0.4012527658273519, 0.41243892304728846, 0.4099463145263558, 0.3813283808583814]
[0.3827955841293705, 0.3896807327530682, 0.4012527658273519, 0.41243892304728846, 0.4099463145263558, 0.3813283808583814, 0.4124085654992349]
[0.3896807327530682, 0.4012527658273519, 0.41243892304728846, 0.4099463145263558, 0.3813283808583814, 0.4124085654992349, 0.38882997519476425]
[0.4012527658273519, 0.41243892304728846, 0.4099463145263558, 0.3813283808583814, 0.4124085654992349, 0.38882997519476425, 0.3929611090805334]
[0.41243892304728846, 0.4099463145263558, 0.3813283808583814, 0.4124085654992349, 0.38882997519476425, 0.3929611090805334, 0.3713032761322366]
[0.4099463145263558, 0.3813283808583814, 0.4124085654992349, 0.38882997519476425, 0.3929611090805334, 0.3713032761322366, 0.38859682728401523]
[0.3813283808583814, 0.4124085654992349, 0.38882997519476425, 0.3929611090805334, 0.3713032761322366, 0.38859682728401523, 0.36893648196461265]
[0.23621471571425015, 0.2450541772321869, 0.2560761461064548, 0.23190648526030175, 0.21805345186888325, 0.2561298415445755, 0.22930543078302096]
[0.2450541772321869, 0.2560761461064548, 0.23190648526030175, 0.21805345186888325, 0.2561298415445755, 0.22930543078302096, 0.21382597025426306]
[0.2560761461064548, 0.23190648526030175, 0.21805345186888325, 0.2561298415445755, 0.22930543078302096, 0.21382597025426306, 0.2220500508331565]
[0.23190648526030175, 0.21805345186888325, 0.2561298415445755, 0.22930543078302096, 0.21382597025426306, 0.2220500508331565, 0.19057659016203854]
[0.21805345186888325, 0.2561298415445755, 0.22930543078302096, 0.21382597025426306, 0.2220500508331565, 0.19057659016203854, 0.18294731927972288]
[0.2561298415445755, 0.22930543078302096, 0.21382597025426306, 0.2220500508331565, 0.19057659016203854, 0.18294731927972288, 0.22204462108050604]
[0.22930543078302096, 0.21382597025426306, 0.2220500508331565, 0.19057659016203854, 0.18294731927972288, 0.22204462108050604, 0.2515702666055653]
[0.21382597025426306, 0.2220500508331565, 0.19057659016203854, 0.18294731927972288, 0.22204462108050604, 0.2515702666055653, 0.25508527294531935]
[0.39272774407618427, 0.39425717386284187, 0.37354389747597605, 0.3701048186885949, 0.37752014576335385, 0.36217961751513816, 0.3693281479882209]
[0.39425717386284187, 0.37354389747597605, 0.3701048186885949, 0.37752014576335385, 0.36217961751513816, 0.3693281479882209, 0.37360633990159625]
[0.37354389747597605, 0.3701048186885949, 0.37752014576335385, 0.36217961751513816, 0.3693281479882209, 0.37360633990159625, 0.36907383391681836]
[0.3701048186885949, 0.37752014576335385, 0.36217961751513816, 0.3693281479882209, 0.37360633990159625, 0.36907383391681836, 0.3756116550830093]
[0.37752014576335385, 0.36217961751513816, 0.3693281479882209, 0.37360633990159625, 0.36907383391681836, 0.3756116550830093, 0.3882083394036724]
[0.36217961751513816, 0.3693281479882209, 0.37360633990159625, 0.36907383391681836, 0.3756116550830093, 0.3882083394036724, 0.39957869479165026]
[0.3693281479882209, 0.37360633990159625, 0.36907383391681836, 0.3756116550830093, 0.3882083394036724, 0.39957869479165026, 0.38657109993889616]
[0.37360633990159625, 0.36907383391681836, 0.3756116550830093, 0.3882083394036724, 0.39957869479165026, 0.38657109993889616, 0.3885246817526284]
[0.36907383391681836, 0.3756116550830093, 0.3882083394036724, 0.39957869479165026, 0.38657109993889616, 0.3885246817526284, 0.3834506810393902]
[0.3756116550830093, 0.3882083394036724, 0.39957869479165026, 0.38657109993889616, 0.3885246817526284, 0.3834506810393902, 0.39056236858504784]
[0.3882083394036724, 0.39957869479165026, 0.38657109993889616, 0.3885246817526284, 0.3834506810393902, 0.39056236858504784, 0.3907947308398265]
[0.39957869479165026, 0.38657109993889616, 0.3885246817526284, 0.3834506810393902, 0.39056236858504784, 0.3907947308398265, 0.39605610114070244]
[0.38657109993889616, 0.3885246817526284, 0.3834506810393902, 0.39056236858504784, 0.3907947308398265, 0.39605610114070244, 0.4056102597186819]
[0.3885246817526284, 0.3834506810393902, 0.39056236858504784, 0.3907947308398265, 0.39605610114070244, 0.4056102597186819, 0.383778559073079]
[0.3834506810393902, 0.39056236858504784, 0.3907947308398265, 0.39605610114070244, 0.4056102597186819, 0.383778559073079, 0.38483467784288417]
[0.36652934465286224, 0.3931770932062323, 0.3929169460566218, 0.37422518079029504, 0.37024676332237916, 0.3757569783754613, 0.38936901525643164]
[0.2705066923059321, 0.3372330774703522, 0.3722002809762559, 0.37701425267397637, 0.3842453168997986, 0.3865522748317254, 0.40598251269943686]
[0.3372330774703522, 0.3722002809762559, 0.37701425267397637, 0.3842453168997986, 0.3865522748317254, 0.40598251269943686, 0.39979298510152417]
[0.3722002809762559, 0.37701425267397637, 0.3842453168997986, 0.3865522748317254, 0.40598251269943686, 0.39979298510152417, 0.3743269911868825]
[0.42077947102841473, 0.44935454560800475, 0.43500352306445034, 0.4280637888585419, 0.4086283241416448, 0.43305794751802573, 0.4229857449635521]
[0.44935454560800475, 0.43500352306445034, 0.4280637888585419, 0.4086283241416448, 0.43305794751802573, 0.4229857449635521, 0.42007712181133594]
[0.43500352306445034, 0.4280637888585419, 0.4086283241416448, 0.43305794751802573, 0.4229857449635521, 0.42007712181133594, 0.4204562953019303]
[0.4280637888585419, 0.4086283241416448, 0.43305794751802573, 0.4229857449635521, 0.42007712181133594, 0.4204562953019303, 0.4235868653362197]
[0.4086283241416448, 0.43305794751802573, 0.4229857449635521, 0.42007712181133594, 0.4204562953019303, 0.4235868653362197, 0.4221354721604216]
[0.43305794751802573, 0.4229857449635521, 0.42007712181133594, 0.4204562953019303, 0.4235868653362197, 0.4221354721604216, 0.4074466886150161]
[0.4229857449635521, 0.42007712181133594, 0.4204562953019303, 0.4235868653362197, 0.4221354721604216, 0.4074466886150161, 0.416205914612511]
[0.42007712181133594, 0.4204562953019303, 0.4235868653362197, 0.4221354721604216, 0.4074466886150161, 0.416205914612511, 0.4295494109945103]
[0.4204562953019303, 0.4235868653362197, 0.4221354721604216, 0.4074466886150161, 0.416205914612511, 0.4295494109945103, 0.4270806602075705]
[0.4235868653362197, 0.4221354721604216, 0.4074466886150161, 0.416205914612511, 0.4295494109945103, 0.4270806602075705, 0.4262232504435277]
[0.4221354721604216, 0.4074466886150161, 0.416205914612511, 0.4295494109945103, 0.4270806602075705, 0.4262232504435277, 0.42971196241188964]
[0.4074466886150161, 0.416205914612511, 0.4295494109945103, 0.4270806602075705, 0.4262232504435277, 0.42971196241188964, 0.43529665360631226]
[0.416205914612511, 0.4295494109945103, 0.4270806602075705, 0.4262232504435277, 0.42971196241188964, 0.43529665360631226, 0.4202385296315785]
[0.4295494109945103, 0.4270806602075705, 0.4262232504435277, 0.42971196241188964, 0.43529665360631226, 0.4202385296315785, 0.4267137997984164]
[0.4270806602075705, 0.4262232504435277, 0.42971196241188964, 0.43529665360631226, 0.4202385296315785, 0.4267137997984164, 0.42916584394736773]
[0.4349347936467615, 0.44264765254397953, 0.4410850921088323, 0.46542170562721064, 0.4588216769087482, 0.45177500426038786, 0.4603096641984873]
[0.44264765254397953, 0.4410850921088323, 0.46542170562721064, 0.4588216769087482, 0.45177500426038786, 0.4603096641984873, 0.46710709357647384]
[0.4410850921088323, 0.46542170562721064, 0.4588216769087482, 0.45177500426038786, 0.4603096641984873, 0.46710709357647384, 0.45184313655599967]
[0.46542170562721064, 0.4588216769087482, 0.45177500426038786, 0.4603096641984873, 0.46710709357647384, 0.45184313655599967, 0.449291945807606]
[0.4588216769087482, 0.45177500426038786, 0.4603096641984873, 0.46710709357647384, 0.45184313655599967, 0.449291945807606, 0.442793795214363]
[0.45177500426038786, 0.4603096641984873, 0.46710709357647384, 0.45184313655599967, 0.449291945807606, 0.442793795214363, 0.43130531735101685]
[0.4603096641984873, 0.46710709357647384, 0.45184313655599967, 0.449291945807606, 0.442793795214363, 0.43130531735101685, 0.43166337970334945]
[0.46710709357647384, 0.45184313655599967, 0.449291945807606, 0.442793795214363, 0.43130531735101685, 0.43166337970334945, 0.462189550068863]
[0.45184313655599967, 0.449291945807606, 0.442793795214363, 0.43130531735101685, 0.43166337970334945, 0.462189550068863, 0.43074877418228136]
[0.449291945807606, 0.442793795214363, 0.43130531735101685, 0.43166337970334945, 0.462189550068863, 0.43074877418228136, 0.42605107307977474]
[0.442793795214363, 0.43130531735101685, 0.43166337970334945, 0.462189550068863, 0.43074877418228136, 0.42605107307977474, 0.3911789035025037]
[0.43130531735101685, 0.43166337970334945, 0.462189550068863, 0.43074877418228136, 0.42605107307977474, 0.3911789035025037, 0.36917966074012876]
[0.43166337970334945, 0.462189550068863, 0.43074877418228136, 0.42605107307977474, 0.3911789035025037, 0.36917966074012876, 0.4273970686967047]
[0.462189550068863, 0.43074877418228136, 0.42605107307977474, 0.3911789035025037, 0.36917966074012876, 0.4273970686967047, 0.42756555132641605]
[0.43074877418228136, 0.42605107307977474, 0.3911789035025037, 0.36917966074012876, 0.4273970686967047, 0.42756555132641605, 0.4172143283431312]
[0.2951157013320903, 0.29521278813601587, 0.29752176872680347, 0.3087960720410677, 0.2981014501873912, 0.29533172460212975, 0.3070969339095017]
[0.29521278813601587, 0.29752176872680347, 0.3087960720410677, 0.2981014501873912, 0.29533172460212975, 0.3070969339095017, 0.3057198261178241]
[0.29752176872680347, 0.3087960720410677, 0.2981014501873912, 0.29533172460212975, 0.3070969339095017, 0.3057198261178241, 0.3007538256966064]
[0.3087960720410677, 0.2981014501873912, 0.29533172460212975, 0.3070969339095017, 0.3057198261178241, 0.3007538256966064, 0.3104406708905676]
[0.2981014501873912, 0.29533172460212975, 0.3070969339095017, 0.3057198261178241, 0.3007538256966064, 0.3104406708905676, 0.3082950569383941]
[0.29533172460212975, 0.3070969339095017, 0.3057198261178241, 0.3007538256966064, 0.3104406708905676, 0.3082950569383941, 0.29264637877561805]
[0.3070969339095017, 0.3057198261178241, 0.3007538256966064, 0.3104406708905676, 0.3082950569383941, 0.29264637877561805, 0.30770454447997864]
[0.22764825090636348, 0.24385602621807345, 0.25508666625548326, 0.23072104775987345, 0.2372537591954904, 0.24216575822618894, 0.219063008182176]
[0.24385602621807345, 0.25508666625548326, 0.23072104775987345, 0.2372537591954904, 0.24216575822618894, 0.219063008182176, 0.23230724740531594]
[0.25508666625548326, 0.23072104775987345, 0.2372537591954904, 0.24216575822618894, 0.219063008182176, 0.23230724740531594, 0.2404772956697832]
[0.23072104775987345, 0.2372537591954904, 0.24216575822618894, 0.219063008182176, 0.23230724740531594, 0.2404772956697832, 0.22960182854261818]
[0.2372537591954904, 0.24216575822618894, 0.219063008182176, 0.23230724740531594, 0.2404772956697832, 0.22960182854261818, 0.23780297792807154]
[0.24216575822618894, 0.219063008182176, 0.23230724740531594, 0.2404772956697832, 0.22960182854261818, 0.23780297792807154, 0.23932999730650129]
[0.219063008182176, 0.23230724740531594, 0.2404772956697832, 0.22960182854261818, 0.23780297792807154, 0.23932999730650129, 0.2462228282770727]
[0.33915352588428166, 0.31937173941924657, 0.29763823325903316, 0.34722465821850496, 0.3170251649447754, 0.2889682720221964, 0.3260385797751525]
[0.31937173941924657, 0.29763823325903316, 0.34722465821850496, 0.3170251649447754, 0.2889682720221964, 0.3260385797751525, 0.31086223000460267]
[0.29763823325903316, 0.34722465821850496, 0.3170251649447754, 0.2889682720221964, 0.3260385797751525, 0.31086223000460267, 0.3585605549828198]
[0.34722465821850496, 0.3170251649447754, 0.2889682720221964, 0.3260385797751525, 0.31086223000460267, 0.3585605549828198, 0.3456236177673467]
[0.3170251649447754, 0.2889682720221964, 0.3260385797751525, 0.31086223000460267, 0.3585605549828198, 0.3456236177673467, 0.36207085935696537]
[0.2889682720221964, 0.3260385797751525, 0.31086223000460267, 0.3585605549828198, 0.3456236177673467, 0.36207085935696537, 0.3556850336889731]
[0.25549781374493974, 0.23503096366200277, 0.24484883854408734, 0.2537922132055859, 0.2501127973516799, 0.22986872950212772, 0.24332109743871969]
[0.23503096366200277, 0.24484883854408734, 0.2537922132055859, 0.2501127973516799, 0.22986872950212772, 0.24332109743871969, 0.2501619360719476]
[0.24484883854408734, 0.2537922132055859, 0.2501127973516799, 0.22986872950212772, 0.24332109743871969, 0.2501619360719476, 0.26814714852666116]
[0.2537922132055859, 0.2501127973516799, 0.22986872950212772, 0.24332109743871969, 0.2501619360719476, 0.26814714852666116, 0.2682848782563853]
[0.2501127973516799, 0.22986872950212772, 0.24332109743871969, 0.2501619360719476, 0.26814714852666116, 0.2682848782563853, 0.26936639771241294]
[0.22986872950212772, 0.24332109743871969, 0.2501619360719476, 0.26814714852666116, 0.2682848782563853, 0.26936639771241294, 0.28104093503658245]
[0.24332109743871969, 0.2501619360719476, 0.26814714852666116, 0.2682848782563853, 0.26936639771241294, 0.28104093503658245, 0.25193633819825845]
[0.22482377175461837, 0.2232731936662383, 0.21748628031644895, 0.2302658456136369, 0.22590634015443845, 0.23876370108164124, 0.22364710719868075]
[0.2232731936662383, 0.21748628031644895, 0.2302658456136369, 0.22590634015443845, 0.23876370108164124, 0.22364710719868075, 0.2320894913639358]
[0.21748628031644895, 0.2302658456136369, 0.22590634015443845, 0.23876370108164124, 0.22364710719868075, 0.2320894913639358, 0.22111500149061186]
[0.2302658456136369, 0.22590634015443845, 0.23876370108164124, 0.22364710719868075, 0.2320894913639358, 0.22111500149061186, 0.24014273759339455]
[0.4108125276248241, 0.39735792463464736, 0.40575133057992974, 0.3977989932590762, 0.40338787372818385, 0.40405770479901204, 0.4035328953692259]
[0.39735792463464736, 0.40575133057992974, 0.3977989932590762, 0.40338787372818385, 0.40405770479901204, 0.4035328953692259, 0.4017097734681292]
[0.40575133057992974, 0.3977989932590762, 0.40338787372818385, 0.40405770479901204, 0.4035328953692259, 0.4017097734681292, 0.39693287545838785]
[0.3977989932590762, 0.40338787372818385, 0.40405770479901204, 0.4035328953692259, 0.4017097734681292, 0.39693287545838785, 0.40994326900908684]
[0.4679155613340996, 0.4716975490170663, 0.4396933743927206, 0.4575243697175777, 0.4694787780776467, 0.4662022812725237, 0.40937679137822913]
[0.4716975490170663, 0.4396933743927206, 0.4575243697175777, 0.4694787780776467, 0.4662022812725237, 0.40937679137822913, 0.4569328908091615]
[0.4396933743927206, 0.4575243697175777, 0.4694787780776467, 0.4662022812725237, 0.40937679137822913, 0.4569328908091615, 0.44075990902967405]
[0.4575243697175777, 0.4694787780776467, 0.4662022812725237, 0.40937679137822913, 0.4569328908091615, 0.44075990902967405, 0.46370091564811977]
[0.4694787780776467, 0.4662022812725237, 0.40937679137822913, 0.4569328908091615, 0.44075990902967405, 0.46370091564811977, 0.44514236798578344]
[0.4662022812725237, 0.40937679137822913, 0.4569328908091615, 0.44075990902967405, 0.46370091564811977, 0.44514236798578344, 0.4438641338814953]
[0.20667807530225002, 0.2002914036829528, 0.20875489943632425, 0.20188466128663746, 0.2083431811959517, 0.20694202700557213, 0.20331337697893462]
[0.2002914036829528, 0.20875489943632425, 0.20188466128663746, 0.2083431811959517, 0.20694202700557213, 0.20331337697893462, 0.19582110433256406]
[0.20875489943632425, 0.20188466128663746, 0.2083431811959517, 0.20694202700557213, 0.20331337697893462, 0.19582110433256406, 0.19791728344971804]
[0.20188466128663746, 0.2083431811959517, 0.20694202700557213, 0.20331337697893462, 0.19582110433256406, 0.19791728344971804, 0.20064272494523439]
[0.2083431811959517, 0.20694202700557213, 0.20331337697893462, 0.19582110433256406, 0.19791728344971804, 0.20064272494523439, 0.1969114014115428]
[0.20694202700557213, 0.20331337697893462, 0.19582110433256406, 0.19791728344971804, 0.20064272494523439, 0.1969114014115428, 0.196419503441603]
[0.2815951278518664, 0.25323919730297473, 0.25477043696450763, 0.2592804721282811, 0.2754723065062832, 0.25476946979417925, 0.2592752250238679]
[0.25323919730297473, 0.25477043696450763, 0.2592804721282811, 0.2754723065062832, 0.25476946979417925, 0.2592752250238679, 0.264486609084015]
[0.25477043696450763, 0.2592804721282811, 0.2754723065062832, 0.25476946979417925, 0.2592752250238679, 0.264486609084015, 0.25789668109998254]
[0.2592804721282811, 0.2754723065062832, 0.25476946979417925, 0.2592752250238679, 0.264486609084015, 0.25789668109998254, 0.2547287618626566]
[0.20551286645463845, 0.22671455400757778, 0.2012493845891162, 0.22989437697529605, 0.23085871886921328, 0.2176957067221775, 0.22392298910148128]
[0.22671455400757778, 0.2012493845891162, 0.22989437697529605, 0.23085871886921328, 0.2176957067221775, 0.22392298910148128, 0.22688368952631466]
[0.2012493845891162, 0.22989437697529605, 0.23085871886921328, 0.2176957067221775, 0.22392298910148128, 0.22688368952631466, 0.21158900080844711]
[0.22989437697529605, 0.23085871886921328, 0.2176957067221775, 0.22392298910148128, 0.22688368952631466, 0.21158900080844711, 0.22302310754087318]
[0.23085871886921328, 0.2176957067221775, 0.22392298910148128, 0.22688368952631466, 0.21158900080844711, 0.22302310754087318, 0.2064114298031908]
[0.2176957067221775, 0.22392298910148128, 0.22688368952631466, 0.21158900080844711, 0.22302310754087318, 0.2064114298031908, 0.2083006799997751]
[0.22392298910148128, 0.22688368952631466, 0.21158900080844711, 0.22302310754087318, 0.2064114298031908, 0.2083006799997751, 0.19797954144893107]
[0.22688368952631466, 0.21158900080844711, 0.22302310754087318, 0.2064114298031908, 0.2083006799997751, 0.19797954144893107, 0.21150640794737993]
[0.21158900080844711, 0.22302310754087318, 0.2064114298031908, 0.2083006799997751, 0.19797954144893107, 0.21150640794737993, 0.20072697134220943]
[0.22302310754087318, 0.2064114298031908, 0.2083006799997751, 0.19797954144893107, 0.21150640794737993, 0.20072697134220943, 0.2178726194104268]
[0.2064114298031908, 0.2083006799997751, 0.19797954144893107, 0.21150640794737993, 0.20072697134220943, 0.2178726194104268, 0.21523715666581805]
[0.2083006799997751, 0.19797954144893107, 0.21150640794737993, 0.20072697134220943, 0.2178726194104268, 0.21523715666581805, 0.2222602121115249]
[0.19797954144893107, 0.21150640794737993, 0.20072697134220943, 0.2178726194104268, 0.21523715666581805, 0.2222602121115249, 0.22599097236383592]
[0.21150640794737993, 0.20072697134220943, 0.2178726194104268, 0.21523715666581805, 0.2222602121115249, 0.22599097236383592, 0.22237217131047837]
[0.20072697134220943, 0.2178726194104268, 0.21523715666581805, 0.2222602121115249, 0.22599097236383592, 0.22237217131047837, 0.200669811236662]
[0.2178726194104268, 0.21523715666581805, 0.2222602121115249, 0.22599097236383592, 0.22237217131047837, 0.200669811236662, 0.20377797474187703]
[0.21523715666581805, 0.2222602121115249, 0.22599097236383592, 0.22237217131047837, 0.200669811236662, 0.20377797474187703, 0.21808298708995794]
[0.2222602121115249, 0.22599097236383592, 0.22237217131047837, 0.200669811236662, 0.20377797474187703, 0.21808298708995794, 0.222962594608507]
[0.22599097236383592, 0.22237217131047837, 0.200669811236662, 0.20377797474187703, 0.21808298708995794, 0.222962594608507, 0.22119977524613907]
[0.22237217131047837, 0.200669811236662, 0.20377797474187703, 0.21808298708995794, 0.222962594608507, 0.22119977524613907, 0.23262102251148636]
[0.200669811236662, 0.20377797474187703, 0.21808298708995794, 0.222962594608507, 0.22119977524613907, 0.23262102251148636, 0.1927354949613778]
[0.20377797474187703, 0.21808298708995794, 0.222962594608507, 0.22119977524613907, 0.23262102251148636, 0.1927354949613778, 0.1821708877486824]
[0.21808298708995794, 0.222962594608507, 0.22119977524613907, 0.23262102251148636, 0.1927354949613778, 0.1821708877486824, 0.18709504411176256]
[0.222962594608507, 0.22119977524613907, 0.23262102251148636, 0.1927354949613778, 0.1821708877486824, 0.18709504411176256, 0.15090779031986323]
[0.22119977524613907, 0.23262102251148636, 0.1927354949613778, 0.1821708877486824, 0.18709504411176256, 0.15090779031986323, 0.11236004532078683]
